4579  
2119  
2271  
2348  
2357  
2364  
2413  
2415  
2416  
2417  
2418  
2419  
2420  
2421  
2427  
2445  
2446  
2447  
2456  
2457  
2458  
2461  
2523  
2557  
2558  
2559  
2560  
2561  
2562  
2563  
2564  
2726  
2727  
2728  
2729  
2730  
2784  
2785  
2786  
2833  
2834  
2837  
2838  
2842  
2843  
2850  
2852  
2854  
2991  
3034  
3032  
3051  
3055  
3081  
3085  
3120  
3220  
3223  
3225  
3227  
3229  
3230  
3231  
3232  
3233  
3238  
3239  
3241  
3242  
3243  
3246  
3248  
3249  
3250  
3251  
3253  
3258  
3260  
3261  
3262  
3274  
3275  
3276  
3278  
3280  
3281  
3282  
3283  
3284  
3289  
3290  
3295  
3296  
3297  
3302  
3303  
3313  
3314  
3315  
3316  
3317  
3320  
3321  
3323  
3324  
3347  
3348  
3349  
3362  
3363  
3364  
3365  
3366  
3367  
3376  
3377  
3378  
3381  
3393  
3399  
3414  
3415  
3416  
3417  
3418  
3419  
3429  
3430  
3431  
3432  
3433  
3437  
3445  
3448  
3449  
3454  
3462  
3464  
3465  
3466  
3467  
3468  
3472  
3474  
3475  
3476  
3477  
3478  
3479  
3480  
3481  
3524  
3528  
3530  
3531  
3539  
3543  
3544  
3545  
3557  
3558  
3334  
3560  
3561  
3562  
3563  
3578  
3579  
3588  
3628  
3629  
3645  
3646  
3647  
3651  
3652  
3654  
3661  
3662  
3663  
3664  
3665  
5130  
3674  
3675  
3676  
3677  
3678  
3679  
3680  
3681  
3682  
3683  
3684  
3685  
3686  
3687  
3688  
3689  
3690  
3691  
3692  
3693  
3694  
3695  
3696  
3697  
3698  
3699  
3702  
3709  
3712  
3711  
3713  
3714  
3717  
3718  
3719  
3720  
3721  
3723  
3736  
3737  
3738  
3742  
3746  
3747  
3748  
3749  
3783  
3785  
3790  
3791  
3792  
3793  
3794  
3795  
4427  
3804  
3805  
3809  
3810  
3811  
3812  
3813  
3814  
3815  
3823  
3824  
3825  
3829  
3839  
3843  
3844  
3849  
3853  
3869  
3870  
3879  
3880  
3881  
3888  
3889  
3890  
3895  
3896  
3897  
3898  
3899  
3900  
3901  
3902  
3903  
3904  
3905  
3906  
3907  
3908  
3909  
3910  
3911  
3912  
3913  
3914  
3916  
3917  
3918  
3919  
3920  
3921  
3928  
3930  
3931  
3932  
3933  
3934  
3935  
3936  
3937  
3938  
3939  
3940  
3941  
3942  
3943  
3944  
3945  
3946  
3947  
3948  
3949  
3950  
3951  
3952  
3953  
3954  
3955  
3956  
3957  
3958  
3960  
3961  
3962  
3963  
3964  
3965  
3966  
3967  
3968  
3969  
3975  
3976  
3977  
3978  
3979  
3980  
3982  
3983  
3984  
3985  
3986  
3987  
3994  
3995  
4000  
4002  
4003  
4005  
4006  
4007  
4008  
4009  
4010  
4011  
4012  
4013  
4014  
4015  
4016  
4017  
4018  
4020  
4021  
4022  
4023  
4024  
4026  
4028  
4029  
4030  
4032  
4033  
4034  
4035  
4036  
4037  
4038  
4039  
4040  
4041  
4042  
4043  
4047  
4049  
4050  
4051  
4053  
4054  
4058  
4060  
4061  
4063  
4064  
4065  
4066  
4068  
4069  
4070  
4071  
4072  
4076  
4077  
4078  
4079  
4080  
4081  
4090  
4091  
4092  
4093  
4094  
4095  
4096  
4098  
4099  
4100  
4101  
4108  
4109  
4110  
4111  
4113  
4120  
4207  
4123  
4124  
4125  
4126  
4127  
4128  
4129  
4130  
4131  
4134  
4135  
4136  
4137  
4138  
4139  
4140  
4141  
4142  
4143  
4144  
4146  
4148  
4150  
4156  
4158  
4160  
4161  
4162  
4163  
4164  
4168  
4169  
4173  
4174  
4176  
4177  
4178  
4179  
4180  
4181  
4183  
4186  
4187  
4188  
4194  
4201  
4202  
4206  
4208  
4209  
4210  
4211  
4219  
4221  
4223  
4227  
4234  
4235  
4236  
4243  
4244  
4249  
4255  
4263  
4264  
4271  
4272  
4273  
4274  
4275  
4276  
4277  
4278  
4279  
4280  
4281  
4284  
4285  
4286  
4294  
4297  
4298  
4299  
4300  
4301  
4302  
4303  
4304  
4305  
4306  
4307  
4308  
4309  
4310  
4311  
4312  
4313  
4317  
4320  
4321  
4326  
4327  
4328  
4333  
4334  
4335  
4336  
4337  
4338  
4339  
4340  
4341  
4342  
4343  
4344  
4345  
4353  
4354  
4347  
4348  
4357  
4364  
4365  
4366  
4368  
4369  
4370  
4371  
4372  
4373  
4374  
4379  
5299  
4391  
4393  
4394  
4396  
4397  
4402  
4409  
4410  
4411  
4413  
4414  
4415  
4416  
4417  
4418  
4424  
4425  
4426  
4428  
4429  
4430  
4431  
4432  
4433  
4434  
4435  
4436  
4444  
4445  
4446  
4447  
4448  
4452  
4453  
4456  
4457  
4458  
4460  
4461  
4470  
4471  
4476  
4477  
4481  
4482  
4483  
4484  
4485  
4486  
4494  
4495  
4496  
4498  
4509  
4510  
4511  
4512  
4513  
4514  
4518  
4527  
4534  
4539  
4547  
4548  
4549  
4550  
4551  
4555  
4561  
4565  
4567  
4568  
4569  
4570  
4571  
4572  
4573  
4574  
4575  
4576  
4577  
4578  
4580  
4581  
4582  
4583  
4584  
4586  
4587  
4588  
4589  
4592  
4593  
4594  
4595  
4596  
4597  
4598  
4599  
4600  
4603  
4605  
4608  
4610  
4612  
4614  
4616  
4618  
4619  
4621  
4622  
4625  
4633  
4634  
4638  
4639  
4640  
4650  
4651  
4652  
4653  
4655  
4656  
4658  
4660  
4661  
4662  
4663  
4669  
4671  
4672  
4673  
4675  
4676  
4677  
4679  
4680  
4681  
4683  
4684  
4685  
4687  
4688  
4689  
4691  
4692  
4694  
4695  
4697  
4698  
4699  
4700  
4708  
4712  
4713  
4723  
4724  
4725  
4726  
4727  
4729  
4730  
4731  
4735  
4736  
4737  
4755  
4756  
4760  
4761  
4762  
4768  
4770  
4771  
4772  
4773  
4774  
4892  
4776  
4777  
4782  
4783  
4784  
4785  
4786  
4787  
4788  
4789  
4790  
4800  
4801  
4803  
4804  
4805  
4806  
4807  
4808  
4809  
4810  
4812  
4814  
4824  
4828  
4831  
4832  
4833  
4834  
4835  
4836  
4837  
4838  
4839  
4840  
4841  
4842  
4845  
4846  
4847  
4848  
4849  
4852  
4853  
4854  
4855  
4866  
4867  
4868  
4874  
4893  
4899  
4900  
4907  
4910  
4912  
4916  
4917  
4918  
4923  
4924  
4925  
4926  
4927  
4928  
4929  
4930  
4931  
4932  
4933  
4934  
4935  
4941  
4942  
4944  
4945  
4946  
4947  
4948  
4949  
4950  
4952  
4953  
4954  
4955  
4962  
4963  
4964  
4965  
4966  
4970  
4971  
4972  
4976  
4983  
4985  
4986  
4988  
4995  
4997  
4998  
4999  
5000  
5001  
5002  
5003  
5004  
5005  
5007  
5011  
5014  
5015  
5017  
5037  
5038  
5040  
5046  
5047  
5049  
5050  
5051  
5052  
5053  
5054  
5055  
5056  
5059  
5060  
5061  
5181  
5070  
5071  
5072  
5074  
5077  
5084  
5085  
5086  
5087  
5088  
5089  
5090  
5091  
5092  
5093  
5094  
5095  
5101  
5102  
5103  
5104  
5105  
5106  
5107  
5109  
5110  
5111  
5112  
5113  
5114  
5120  
5121  
5125  
5126  
5127  
5128  
5129  
5141  
5142  
5143  
5144  
5145  
5146  
5147  
5148  
5149  
5155  
5157  
5158  
5160  
5161  
5164  
5166  
5167  
5168  
5170  
5177  
5182  
5183  
5189  
5190  
5191  
5192  
5193  
5194  
5196  
5197  
5198  
5199  
5200  
5202  
5203  
5204  
5205  
5206  
5207  
5208  
5215  
5217  
5219  
5225  
5226  
5227  
5228  
5234  
5235  
5236  
5240  
5241  
5242  
5243  
5244  
5247  
5248  
5249  
5250  
5257  
5260  
5267  
5268  
5269  
5270  
5275  
5276  
5277  
5278  
5282  
5283  
5284  
5285  
5286  
5287  
5291  
5292  
5296  
5298  
5302  
5303  
5304  
5305  
5306  
5307  
5308  
5309  
5312  
5313  
5314  
5315  
5316  
5318  
5319  
5320  
5321  
5322  
5323  
5324  
5329  
5330  
5331  
5332  
5333  
5334  
5336  
5338  
5339  
5344  
5345  
5346  
5347  
5352  
5355  
5356  
5357  
5358  
5359  
5360  
5361  
5362  
5370  
5371  
5372  
5373  
5374  
5376  
5378  
5380  
5394
