0053
0142
0158
0247
0417
0457
0467
0587
0588
0589
0590
0591
0592
0593
0594
0595
0596
0597
0598
0698
0699
0809
0815
0821
0829
0835
0841
0845
0848
0856
0857
0858
0859
0860
0891
0904
0908
0922
0923
0924
0925
0926
0927
0928
0929
0930
0931
0932
0933
0934
0935
0936
0937
0938
0956
0958
0963
0985
0986
0987
1003
1004
1008
1039
1040
1041
1080
1102
1109
1111
1144
1145
1146
1152
1169
1189
1195
1244
1251
1255
1256
1263
1271
1286
1288
1302
1303
1304
1398
1403
1404
1411
1412
1452
1453
1454
1459
1460
1484
1485
1486
1487
1488
1489
1490
1491
1492
1493
1494
1495
1496
1510
1549
1550
1552
1553
1554
1572
1591
1593
1645
1655
1674
1677
1682
1710
1712
1718
1720
1723
1726
1759
1772
1785
1787
1800
1805
1807
1808
1810
1813
1816
1818
1824
1826
1828
1829
1831
1832
1834
1835
1837
1839
1856